Number of epochs: 500
Batch size: 100
Start Date: 2024-10-10_2204
Epoch, Test Loss, Training Loss
0,37.9249954,54.0678482
1,20.8465691,57.4215813
2,9.1600933,37.3624763
3,4.8519182,19.3855324
4,3.7071986,6.0747209
5,2.7608004,1.9308215
6,2.4908104,1.6052128
7,2.5153430,1.2647575
8,4.1182494,1.2699050
9,3.3444078,3.3525271
10,3.4121006,0.9440835
11,2.8338521,1.0858748
12,3.1997485,0.9743280
13,2.9646561,1.1245719
14,2.8311934,1.0616608
15,1.5260210,0.9664968
16,2.3334906,1.1324750
17,2.4583249,0.7869393
18,2.1972599,0.6886860
19,3.0026693,0.9589412
20,0.9390181,0.4651681
21,1.5449814,0.7034160
22,2.2866287,0.6886778
23,1.6877720,0.6149685
24,2.3060992,1.0763060
25,1.9907310,0.4893990
26,2.9446948,0.6573559
27,1.1309435,0.4865759
28,0.8920234,0.2650500
29,0.7838541,0.4290226
30,0.6950291,0.5031047
31,0.7158109,0.4908694
32,1.1325079,0.7668920
33,1.0659178,0.4008068
34,1.2406790,0.5478750
35,1.4305463,0.5527716
36,1.2566547,1.2913234
37,0.5943416,0.1531054
38,0.5856707,0.2762125
39,0.6440720,0.3945552
40,0.5430679,0.3923299
41,0.6347445,0.4046918
42,2.4676292,0.8401254
43,0.5397986,0.3509583
44,0.4308016,0.4792849
45,0.5070257,0.2144845
46,0.5438734,0.3206228
47,1.2524010,0.2150889
48,0.4106016,0.3124628
49,0.4753034,0.5080935
50,1.7365341,1.0588464
51,1.3912432,0.4609192
52,0.4592281,0.4000539
53,0.3900727,0.1622322
54,0.4539299,0.4212719
55,0.5543067,0.6027103
56,0.5195518,0.4592731
57,0.4491632,0.2001271
58,1.0121706,0.3105461
59,1.2583482,0.2096183
60,0.4467197,0.1426156
61,1.8794508,0.4136815
62,0.6031013,0.1088914
63,0.3780451,0.4504357
64,0.5132385,0.3464561
65,0.3389067,0.2068297
66,0.4367256,0.2381451
67,0.4712835,0.3724289
68,0.3804898,0.1793125
69,0.4311254,0.1933286
70,0.5963914,0.1642193
71,0.5207902,0.1589570
72,0.2711333,0.2862587
73,0.4923419,0.1330968
74,0.4398918,0.2253761
75,0.2818282,0.0752734
76,0.2358178,0.3039941
77,0.3804603,0.1803072
78,0.3599263,0.1143703
79,0.2246004,0.2650379
80,0.3667724,0.3335997
81,0.4910906,0.2853326
82,0.2898855,0.2308627
83,0.2247704,0.1333729
84,0.2225314,0.0979583
85,0.5978565,0.1900829
86,0.2065731,0.0880135
87,0.2914538,0.5619800
88,0.1896985,0.0544762
89,0.1654736,0.3101833
90,1.1518905,0.4290769
91,0.2172645,0.0997196
92,0.2626252,0.2617937
93,0.2267194,0.1256040
94,0.1947898,0.1281697
95,0.4446993,0.8186844
96,0.3432681,0.0643155
97,0.3522489,0.1305223
98,0.2052878,0.1374561
99,0.1704566,0.0735281
100,0.2724372,0.1968315
101,0.2372906,0.4761638
102,0.3862519,0.6233647
103,0.2007978,0.2866563
104,0.3407949,0.4144541
105,0.6788722,0.4032481
106,0.3620495,0.3198430
107,0.3853800,0.3120904
108,0.3961176,0.0961093
109,0.4147231,0.2384515
110,0.2296535,0.1607412
111,0.3356797,0.2287184
112,0.6466334,0.3861462
113,0.4394305,0.2556225
114,0.1874007,0.3105421
115,0.2134731,0.0636539
116,0.4668705,0.6231675
117,0.2713573,0.1357190
118,0.3154311,0.1084246
119,0.4645883,0.1188106
120,0.8432935,0.3891743
121,0.4034031,0.1508006
122,0.7571140,0.3373981
123,0.7018036,0.1773048
124,0.2435495,0.0947613
125,0.5064305,0.1024221
126,0.4020222,0.2020869
127,0.1784201,0.1663361
128,0.2484615,0.0838783
129,0.2238926,0.1486768
130,0.2792000,0.2544076
131,0.2207434,0.2467195
132,0.1956964,0.0487465
133,0.4438711,0.2066571
134,0.3010864,0.3892618
135,0.2332227,0.1193736
136,0.4962322,0.2032984
137,0.2674491,0.1379999
138,0.2590836,0.0673861
139,0.3605660,0.0752902
140,0.2904745,0.1588382
141,0.2799556,0.2047385
142,0.2442988,0.2122119
143,0.2114907,0.0865974
144,0.2112061,0.0838544
145,0.2099502,0.0896269
146,0.5964498,0.1184104
147,0.2587875,0.0965580
148,0.2981488,0.2637772
149,0.2135952,0.0552510
150,0.2157875,0.0704671
151,0.2110096,0.1030625
152,0.1868829,0.1241321
153,0.3214940,0.1462137
154,0.2125611,0.0852674
155,1.3267846,7.9809880
156,0.3599988,0.3000886
157,0.2617650,0.1396690
158,0.3241343,0.0928789
159,0.3248389,0.1585709
160,0.6228695,0.0942867
161,0.3916699,0.1663902
162,0.3941028,0.3459788
163,0.3411100,0.0935487
164,0.2843341,0.1401827
165,0.4265762,0.1349993
166,0.2932381,0.1540103
167,0.3298444,0.1324554
168,0.2317668,0.3410147
169,0.3169221,0.3431731
170,0.3826012,0.0857085
171,0.3434085,0.0844688
172,0.2907811,0.1958367
173,0.2467214,0.0744672
174,0.2758116,0.1896014
175,0.3241074,0.2886767
176,0.3902365,0.1160901
177,0.2928715,0.0830023
178,0.5833799,0.4216777
179,0.2259469,0.1426486
180,0.2816702,0.0920465
181,0.2923651,0.1609502
182,0.2425651,0.1362926
183,0.3011185,0.1391024
184,0.3133822,0.0562995
185,0.2576726,0.0771857
186,0.1942581,0.2330048
187,0.2659915,0.1504051
188,0.2653404,0.2107841
189,0.3193559,0.0583931
190,0.2790620,0.0838045
191,0.1636543,0.1668448
192,0.3043800,0.0977546
193,0.2170416,0.1139426
194,0.2484811,0.0957111
195,0.2551426,0.1657628
196,0.2730891,0.1497302
197,0.2865258,0.1005430
198,0.2298419,0.1635721
199,0.2382210,0.1264018
200,0.2405746,0.0892447
201,0.3079375,0.0928462
202,0.2708485,0.0738110
203,0.2249379,0.0520000
204,0.2647811,0.1402937
205,0.3104931,0.0514868
206,0.2704249,0.0512271
207,0.5476601,0.2716447
208,0.2327498,0.0655832
209,0.2492613,0.1173583
210,0.2220588,0.0592605
211,0.1882871,0.1125571
212,0.3181579,0.1319818
213,0.3241406,0.0752377
214,0.2020492,0.1086293
215,0.2114376,0.1712813
216,0.3484995,0.0847269
217,0.2221199,0.2332824
218,0.2422803,0.1697510
219,0.2255142,0.0949550
220,0.1934860,0.1200392
221,0.2206737,0.2839546
222,0.2381042,0.0653861
223,0.3230120,0.0771292
224,0.3527026,0.1097260
225,0.2893180,0.1940481
226,0.2359009,0.1175914
227,0.2062162,0.0578521
228,0.1953539,0.1099823
229,0.2261722,0.0966777
230,0.4104313,0.2655793
231,0.3157263,0.0991946
232,0.2072952,0.1141030
233,0.3153492,0.1069626
234,0.2194155,0.0441413
235,0.1859984,0.0411414
236,0.2180289,0.1062518
237,0.1912066,0.1452426
238,0.4815080,0.0922090
239,0.1949985,0.0735900
240,0.2908821,0.1123225
241,0.2379626,0.0696234
242,0.3341464,0.0333675
243,0.2761261,0.2309415
244,0.2142616,0.1769694
245,0.1743688,0.1746163
246,0.2543567,0.0991888
247,0.1857235,0.0466792
248,0.3066764,0.1820193
249,0.2114388,0.0798200
250,0.1678431,0.0283989
251,0.2927042,0.1429274
252,0.1787267,0.1485702
253,0.2377461,0.0718773
254,0.1909219,0.0751729
255,0.2690736,0.1193839
256,0.2350252,0.1030430
257,0.2712961,0.1334169
258,0.2472160,0.0501501
259,0.2585611,0.0306975
260,0.2115426,0.1420184
261,0.2315553,0.0232471
262,0.2344167,0.0388224
263,0.1781868,0.1588013
264,0.2674555,0.1205026
265,0.1446460,0.0721441
266,0.1719661,0.0398514
267,0.2155428,0.1041112
268,0.3122464,0.0823691
269,0.2335238,0.1292621
270,0.2225949,0.0874177
271,0.1662894,0.0662468
272,0.1630249,0.0341173
273,0.2301823,0.0887122
274,0.2249302,0.0495716
275,0.3320016,0.1056207
276,0.1888560,0.1639079
277,0.1724192,0.1227583
278,0.1967001,0.1342826
279,0.1651225,0.1958839
280,0.1925156,0.0964574
281,0.2159593,0.0502384
282,0.1939391,0.0568959
283,0.2844735,0.0746744
284,0.2193369,0.0670166
285,0.2701126,0.0493166
286,0.1946797,0.0417252
287,0.1731089,0.0460613
288,0.2270101,0.0378823
289,0.2605748,0.0983158
290,0.1470306,0.0513966
291,0.1753457,0.1279055
292,0.2304370,0.1695592
293,0.1928538,0.0871209
294,0.1702706,0.1867401
295,0.1693153,0.0838442
296,0.2234164,0.0847979
297,0.2065839,0.1072778
298,0.3190227,0.0970424
299,0.2479780,0.0597969
300,0.1741406,0.0665421
301,0.1965154,0.0722452
302,0.2688065,0.1964424
303,0.1661314,0.0656487
304,0.1755025,0.0447087
305,0.1909005,0.0884622
306,0.2726827,0.1620493
307,0.1880733,0.0761171
308,0.1642111,0.0368365
309,0.1735615,0.0851227
310,0.1614854,0.0399487
311,0.1477968,0.1754645
312,0.1647061,0.1728218
313,0.1229341,0.0659503
314,0.2348065,0.0959862
315,0.1670499,0.1133191
316,0.2306577,0.0588235
317,0.2170909,0.0790338
318,0.2787349,0.1443620
319,0.1240060,0.0784923
320,0.1828027,0.0488321
321,0.1710515,0.0368948
322,0.1601895,0.0302356
323,0.1737287,0.1408784
324,0.1955710,0.1450585
325,0.1840930,0.0686653
326,0.1621325,0.0456183
327,0.1657847,0.0986678
328,0.2615932,0.0994568
329,0.1522037,0.0316732
330,0.1214489,0.1146273
331,0.1754446,0.0399744
332,0.2524934,0.1191874
333,0.1931333,0.0746749
334,0.1516320,0.1673234
335,0.1732747,0.0343531
336,0.1617510,0.0485495
337,0.1529668,0.0410051
338,0.2400730,0.0377317
339,0.3166621,0.1034526
340,0.2292172,0.0998384
341,0.2983954,0.3175748
342,0.1834750,0.0721316
343,0.1599853,0.0336767
344,0.1638449,0.0799500
345,0.1645125,0.0560395
346,0.2024312,0.0697389
347,0.2688225,0.0565323
348,0.1676672,0.1611238
349,0.1773548,0.0763602
350,0.2739743,0.1546083
351,0.1812382,0.0577442
352,0.1412295,0.0602329
353,0.1456598,0.0359359
354,0.1505709,0.0537838
355,0.1971705,0.1825155
356,0.2280649,0.0764927
357,0.2114870,0.0532210
358,0.2715060,0.0649265
359,0.1845362,0.0660376
360,0.1492506,0.0286664
361,0.1494709,0.0343171
362,0.2024782,0.1197641
363,0.1902307,0.0262339
364,0.1616342,0.0863776
365,0.1910550,0.0620106
366,0.1861967,0.0937454
367,0.1457372,0.0259770
368,0.1782991,0.0441119
369,0.2556616,0.1037356
370,0.2572400,0.1070142
371,0.2605277,0.0852806
372,0.1793125,0.0817125
373,0.1581938,0.0709499
374,0.1642426,0.0347570
375,0.1510256,0.0522182
376,0.2077819,0.0550509
377,0.1702570,0.1270992
378,0.2193691,0.0997027
379,0.1627265,0.0394646
380,0.1961627,0.0410692
381,0.2082409,0.1285691
382,0.1709700,0.0249572
383,0.1487401,0.0935701
384,0.1512722,0.0424628
385,0.1866271,0.0765879
386,0.1450116,0.0544048
387,0.1652098,0.1237248
388,0.1809585,0.0492487
389,0.1314496,0.1540199
390,0.1753608,0.0875464
391,0.1958870,0.1260045
392,0.1020293,0.0200804
393,0.1032720,0.0487385
394,0.1405473,0.0560745
395,0.1255196,0.0296222
396,0.1267363,0.0759033
397,0.1554842,0.0822825
398,0.1601073,0.1104283
399,0.1445669,0.0740912
400,0.1750513,0.0793682
401,0.1559932,0.0340985
402,0.1552578,0.0531759
403,0.1280205,0.0811436
404,0.1709790,0.1082656
405,0.2960888,0.1240545
406,0.1545178,0.1508145
407,0.1841954,0.0904282
408,0.1393926,0.0576408
409,0.1265875,0.0332344
410,0.4085281,0.1777249
411,0.3028891,0.0758345
412,0.9787405,2.3525062
413,0.3443676,0.9247184
414,0.2832822,0.2979902
415,0.2679901,0.1490671
416,0.2636661,0.1369800
417,0.3225778,0.0957624
418,0.3606902,0.1171580
419,0.4335102,0.0919973
420,0.2685305,0.1529633
421,0.1980540,0.2288076
422,0.2819097,0.0698289
423,0.1901154,0.0741612
424,0.2139084,0.0653798
425,0.1872661,0.0798876
426,0.1595641,0.0388900
427,0.2270425,0.1323473
428,0.2096471,0.0680172
429,0.1738826,0.0409672
430,0.2124163,0.1053730
431,0.1733049,0.1968689
432,0.2306733,0.0999865
433,0.4628678,0.8615881
434,0.1812747,0.2123625
435,0.1329180,0.0889436
436,0.1327928,0.0515754
437,0.1627435,0.0592621
438,0.1858837,0.0489666
439,0.2097126,0.0754090
440,0.2089722,0.0373912
441,0.1378306,0.0617739
442,0.1403311,0.1057957
443,0.1651974,0.1661819
444,0.1121910,0.0464003
445,0.1548968,0.0745442
446,0.1396717,0.0613761
447,0.2000706,0.1780565
448,0.1403128,0.0537588
449,0.1807918,0.0449652
450,0.2090246,0.1147589
451,0.2160935,0.1126621
452,0.1666552,0.0895084
453,0.1314179,0.0214696
454,0.1357085,0.0323833
455,0.1681838,0.0493350
456,0.1781198,0.0686451
457,0.2241600,0.0459115
458,0.2105806,0.1244680
459,0.1994583,0.0375329
460,0.1672857,0.0341579
461,0.2024827,0.0325085
462,0.1722226,0.1048178
463,0.2172143,0.0261399
464,0.1979835,0.0459872
465,0.1829252,0.0337761
466,0.2141808,0.0587825
467,0.1470564,0.0382390
468,0.2735469,0.1157687
469,0.1701480,0.0598035
470,0.2058317,0.0546143
471,0.1771863,0.0282442
472,0.1667772,0.0458628
473,0.1864196,0.0565948
474,0.1306373,0.0773360
475,0.1398429,0.0317306
476,0.1433707,0.0258510
477,0.1325983,0.0874825
478,0.2079478,0.0949399
479,0.1643874,0.0819857
480,0.2160362,0.0295229
481,0.1590793,0.0699535
482,0.2115081,0.0436890
483,0.1815983,0.1593664
484,0.2142890,0.1153441
485,0.1686229,0.0325028
486,0.1508138,0.0560724
487,0.1684918,0.0187063
488,0.1334355,0.1100150
489,0.1863055,0.0396693
490,0.1388594,0.0548230
491,0.1908781,0.0567992
492,0.1449941,0.0445515
493,0.1179868,0.0307774
494,0.1475065,0.0711441
495,0.1170799,0.0254440
496,0.1414574,0.0273435
497,0.3553524,0.0763750
498,0.1827378,0.1052071
499,0.1567765,0.0269323

Total training time: 7.90 minutes

Final Stats
RMSE = 0.047
MBE = 0.001
MAE = 0.010
PE = 31.942 %