Number of epochs: 500
Batch size: 100
Start Date: 2024-10-10_2137
Epoch, Test Loss, Training Loss
0,0.0673077,0.0755745
1,0.0424847,0.0327090
2,0.0448105,0.0259621
3,0.0395644,0.0245822
4,0.0397937,0.0239480
5,0.0340691,0.0297845
6,0.0397486,0.0223399
7,0.0256279,0.0183431
8,0.0176982,0.0180029
9,0.0191619,0.0268263
10,0.0241813,0.0157211
11,0.0204839,0.0357977
12,0.0139366,0.0161337
13,0.0133205,0.0137777
14,0.0184305,0.0186709
15,0.0139290,0.0093768
16,0.0119606,0.0104651
17,0.0087987,0.0100656
18,0.0091403,0.0113787
19,0.0082729,0.0096809
20,0.0097112,0.0122812
21,0.0101542,0.0080073
22,0.0083966,0.0070704
23,0.0061140,0.0065581
24,0.0100300,0.0042836
25,0.0087781,0.0054808
26,0.0067412,0.0057595
27,0.0070730,0.0042409
28,0.0066006,0.0042402
29,0.0069579,0.0044280
30,0.0051438,0.0046900
31,0.0084087,0.0041667
32,0.0048891,0.0043099
33,0.0103632,0.0062604
34,0.0057314,0.0034288
35,0.0123573,0.0058680
36,0.0047016,0.0030444
37,0.0048625,0.0028595
38,0.0060242,0.0040127
39,0.0053141,0.0032986
40,0.0197050,0.0109838
41,0.0104451,0.0066864
42,0.0052544,0.0025395
43,0.0057416,0.0026567
44,0.0102348,0.0092211
45,0.0088458,0.0094969
46,0.0087491,0.0116761
47,0.0086181,0.0062304
48,0.0071594,0.0021153
49,0.0058901,0.0046899
50,0.0047611,0.0027465
51,0.0076964,0.0041444
52,0.0135100,0.0045976
53,0.0132506,0.0034913
54,0.0067046,0.0047482
55,0.0090321,0.0044803
56,0.0084295,0.0036337
57,0.0081991,0.0024743
58,0.0064600,0.0025708
59,0.0179047,0.0032478
60,0.0056389,0.0017745
61,0.0103476,0.0047919
62,0.0054001,0.0022092
63,0.0062655,0.0023798
64,0.0047882,0.0027117
65,0.0123411,0.0025408
66,0.0081789,0.0032571
67,0.0072432,0.0020985
68,0.0080730,0.0079889
69,0.0070085,0.0032832
70,0.0092760,0.0028493
71,0.0071394,0.0019607
72,0.0064681,0.0043282
73,0.0078325,0.0037105
74,0.0088124,0.0029795
75,0.0081502,0.0019870
76,0.0083992,0.0030384
77,0.0097294,0.0016077
78,0.0057272,0.0015689
79,0.0082811,0.0023849
80,0.0087455,0.0018314
81,0.0084689,0.0033889
82,0.0094296,0.0019203
83,0.0059771,0.0015674
84,0.0089442,0.0019722
85,0.0068912,0.0017332
86,0.0096551,0.0032448
87,0.0079830,0.0015269
88,0.0041111,0.0014804
89,0.0065041,0.0015535
90,0.0049427,0.0017004
91,0.0069917,0.0018206
92,0.0063412,0.0015431
93,0.0053019,0.0013752
94,0.0051040,0.0018091
95,0.0032753,0.0016714
96,0.0034686,0.0015863
97,0.0051762,0.0012650
98,0.0030096,0.0016208
99,0.0039123,0.0019366
100,0.0033028,0.0015471
101,0.0030903,0.0016414
102,0.0036325,0.0019725
103,0.0078555,0.0043838
104,0.0061654,0.0016683
105,0.0056956,0.0012515
106,0.0042267,0.0015232
107,0.0048072,0.0012755
108,0.0056516,0.0039496
109,0.0074656,0.0016480
110,0.0055935,0.0020186
111,0.0043066,0.0018170
112,0.0034903,0.0012489
113,0.0043303,0.0012318
114,0.0038212,0.0014622
115,0.0049555,0.0016945
116,0.0051212,0.0012344
117,0.0039437,0.0014362
118,0.0030882,0.0011456
119,0.0037338,0.0009672
120,0.0040803,0.0019201
121,0.0038075,0.0020581
122,0.0033913,0.0014011
123,0.0044866,0.0013013
124,0.0039623,0.0026861
125,0.0042607,0.0019665
126,0.0038952,0.0015409
127,0.0032590,0.0010339
128,0.0039608,0.0011703
129,0.0067247,0.0033131
130,0.0300334,0.0084973
131,0.0062236,0.0013157
132,0.0041416,0.0022462
133,0.0038752,0.0013521
134,0.0037624,0.0015049
135,0.0035093,0.0019142
136,0.0063709,0.0010386
137,0.0037527,0.0016380
138,0.0057750,0.0016012
139,0.0046177,0.0020891
140,0.0052369,0.0017828
141,0.0035184,0.0019557
142,0.0032444,0.0012684
143,0.0036549,0.0022959
144,0.0040720,0.0017061
145,0.0043269,0.0017445
146,0.0032086,0.0012434
147,0.0039978,0.0017169
148,0.0051657,0.0010497
149,0.0042194,0.0015691
150,0.0055065,0.0022418
151,0.0062798,0.0010568
152,0.0034411,0.0021202
153,0.0035256,0.0014507
154,0.0043616,0.0016895
155,0.0045509,0.0024209
156,0.0033545,0.0025893
157,0.0044233,0.0013570
158,0.0031955,0.0013457
159,0.0047247,0.0012768
160,0.0058170,0.0024216
161,0.0062619,0.0020451
162,0.0033245,0.0011000
163,0.0039379,0.0018167
164,0.0038143,0.0016975
165,0.0034695,0.0012087
166,0.0034335,0.0015613
167,0.0043031,0.0011606
168,0.0038629,0.0014266
169,0.0034641,0.0008689
170,0.0028222,0.0017338
171,0.0038272,0.0012285
172,0.0037880,0.0017829
173,0.0325733,0.0046453
174,0.0031898,0.0015595
175,0.0041737,0.0020274
176,0.0030858,0.0013855
177,0.0039251,0.0010918
178,0.0043875,0.0011024
179,0.0046075,0.0035800
180,0.0032593,0.0012246
181,0.0029661,0.0014358
182,0.0036432,0.0011794
183,0.0053422,0.0013317
184,0.0042906,0.0009666
185,0.0053309,0.0015406
186,0.0043137,0.0016982
187,0.0048472,0.0018545
188,0.0052015,0.0011471
189,0.0049724,0.0015818
190,0.0034803,0.0025079
191,0.0125399,0.0084286
192,0.0030912,0.0010472
193,0.0040268,0.0012475
194,0.0041690,0.0011499
195,0.0035578,0.0010161
196,0.0046801,0.0013379
197,0.0044569,0.0011868
198,0.0031199,0.0013157
199,0.0039517,0.0010551
200,0.0028361,0.0011641
201,0.0043807,0.0018139
202,0.0039617,0.0012981
203,0.0037342,0.0011036
204,0.0027241,0.0020501
205,0.0035174,0.0011787
206,0.0046042,0.0015597
207,0.0032202,0.0016479
208,0.0035118,0.0010563
209,0.0044014,0.0010535
210,0.0032256,0.0009845
211,0.0038681,0.0013860
212,0.0034358,0.0010857
213,0.0034365,0.0012926
214,0.0032637,0.0009567
215,0.0032010,0.0011425
216,0.0033538,0.0013404
217,0.0035479,0.0009274
218,0.0146564,0.0036327
219,0.0040916,0.0022599
220,0.0038783,0.0011504
221,0.0038938,0.0014188
222,0.0039566,0.0013770
223,0.0066624,0.0021854
224,0.0045375,0.0012384
225,0.0030693,0.0009687
226,0.0033257,0.0013195
227,0.0048997,0.0015963
228,0.0034853,0.0013557
229,0.0047655,0.0028358
230,0.0063066,0.0020025
231,0.0038872,0.0009211
232,0.0041220,0.0012527
233,0.0033072,0.0020583
234,0.0027660,0.0018073
235,0.0027670,0.0011870
236,0.0044071,0.0012251
237,0.0029420,0.0010210
238,0.0053641,0.0034144
239,0.0032028,0.0011260
240,0.0029565,0.0007511
241,0.0028172,0.0008555
242,0.0033282,0.0011455
243,0.0025761,0.0007183
244,0.0040118,0.0009600
245,0.0029696,0.0008421
246,0.0037516,0.0017349
247,0.0043149,0.0010829
248,0.0062248,0.0014829
249,0.0034034,0.0011445
250,0.0031229,0.0010528
251,0.0039800,0.0010630
252,0.0030978,0.0009240
253,0.0040629,0.0008943
254,0.0029323,0.0008895
255,0.0066477,0.0056512
256,0.0045676,0.0017235
257,0.0029467,0.0017152
258,0.0026942,0.0009738
259,0.0030292,0.0010907
260,0.0025966,0.0019594
261,0.0042302,0.0027074
262,0.0047230,0.0021451
263,0.0040527,0.0016369
264,0.0038604,0.0010944
265,0.0037770,0.0013168
266,0.0035774,0.0009399
267,0.0030229,0.0009817
268,0.0028795,0.0010867
269,0.0030158,0.0011112
270,0.0027398,0.0008894
271,0.0026811,0.0006921
272,0.0086243,0.0060952
273,0.0041913,0.0012791
274,0.0027364,0.0008222
275,0.0028490,0.0013180
276,0.0045270,0.0008443
277,0.0026965,0.0011959
278,0.0027585,0.0008680
279,0.0032976,0.0009591
280,0.0034160,0.0013986
281,0.0086697,0.0023179
282,0.0031150,0.0010049
283,0.0035400,0.0008390
284,0.0042866,0.0009595
285,0.0029199,0.0010877
286,0.0030659,0.0008418
287,0.0033242,0.0008676
288,0.0030949,0.0010440
289,0.0035906,0.0016622
290,0.0024653,0.0009231
291,0.0036674,0.0012999
292,0.0032253,0.0013260
293,0.0028026,0.0008885
294,0.0027475,0.0015192
295,0.0029188,0.0011276
296,0.0024380,0.0007256
297,0.0034223,0.0020034
298,0.0037043,0.0011342
299,0.0034591,0.0013039
300,0.0029632,0.0011751
301,0.0038495,0.0010885
302,0.0037783,0.0009733
303,0.0040044,0.0007826
304,0.0048954,0.0008663
305,0.0032680,0.0007491
306,0.0039895,0.0012239
307,0.0032429,0.0009118
308,0.0031915,0.0013443
309,0.0025206,0.0006864
310,0.0028178,0.0009357
311,0.0029049,0.0011344
312,0.0031377,0.0010372
313,0.0029102,0.0009400
314,0.0027156,0.0007290
315,0.0029404,0.0015783
316,0.0035573,0.0010904
317,0.0026375,0.0011419
318,0.0061526,0.0027933
319,0.0048420,0.0008623
320,0.0040407,0.0010619
321,0.0031933,0.0008862
322,0.0034409,0.0007083
323,0.0033811,0.0017437
324,0.0031370,0.0007942
325,0.0031819,0.0009540
326,0.0027039,0.0006460
327,0.0037445,0.0008140
328,0.0030787,0.0008321
329,0.0040390,0.0010420
330,0.0031919,0.0008646
331,0.0026071,0.0008813
332,0.0025496,0.0007998
333,0.0029150,0.0010575
334,0.0027815,0.0009822
335,0.0031044,0.0014281
336,0.0031410,0.0007927
337,0.0033700,0.0008105
338,0.0030143,0.0005930
339,0.0025150,0.0008126
340,0.0032853,0.0013133
341,0.0029634,0.0006757
342,0.0027212,0.0007450
343,0.0038090,0.0016119
344,0.0036303,0.0007869
345,0.0030859,0.0006281
346,0.0033063,0.0007461
347,0.0039270,0.0012008
348,0.0055565,0.0029162
349,0.0029214,0.0006553
350,0.0025855,0.0005604
351,0.0029456,0.0008606
352,0.0036875,0.0008637
353,0.0046753,0.0011558
354,0.0033782,0.0007571
355,0.0036188,0.0007156
356,0.0029718,0.0006903
357,0.0023981,0.0005678
358,0.0034603,0.0009755
359,0.0024255,0.0006654
360,0.0034378,0.0007363
361,0.0023765,0.0007261
362,0.0024773,0.0006205
363,0.0024297,0.0010178
364,0.0036368,0.0016798
365,0.0036593,0.0008161
366,0.0030609,0.0013689
367,0.0035555,0.0005367
368,0.0029469,0.0008599
369,0.0024684,0.0005967
370,0.0025016,0.0005962
371,0.0030170,0.0009805
372,0.0027035,0.0016254
373,0.0032161,0.0012441
374,0.0034165,0.0015157
375,0.0035957,0.0007187
376,0.0027604,0.0006532
377,0.0031554,0.0007664
378,0.0025470,0.0006368
379,0.0025179,0.0008310
380,0.0030296,0.0010243
381,0.0026751,0.0008101
382,0.0027060,0.0009144
383,0.0025199,0.0007729
384,0.0028856,0.0008246
385,0.0023352,0.0008483
386,0.0023820,0.0006018
387,0.0034776,0.0006253
388,0.0024299,0.0009470
389,0.0023480,0.0005127
390,0.0032974,0.0016591
391,0.0024025,0.0006987
392,0.0025566,0.0011254
393,0.0036036,0.0007850
394,0.0033416,0.0006201
395,0.0029488,0.0005563
396,0.0036549,0.0017712
397,0.0030608,0.0009497
398,0.0038096,0.0009064
399,0.0038671,0.0007106
400,0.0031458,0.0005208
401,0.0024660,0.0006403
402,0.0023810,0.0006416
403,0.0027064,0.0007919
404,0.0036765,0.0011776
405,0.0037743,0.0009960
406,0.0048292,0.0025195
407,0.0033040,0.0011264
408,0.0032480,0.0014046
409,0.0034306,0.0013106
410,0.0032783,0.0007734
411,0.0026148,0.0007265
412,0.0029089,0.0008739
413,0.0032145,0.0009551
414,0.0056024,0.0017253
415,0.0025322,0.0009961
416,0.0027572,0.0009417
417,0.0037611,0.0007640
418,0.0023857,0.0008805
419,0.0031571,0.0008430
420,0.0032665,0.0008469
421,0.0039739,0.0010839
422,0.0026186,0.0008168
423,0.0026228,0.0006390
424,0.0024449,0.0006232
425,0.0025528,0.0005602
426,0.0032499,0.0008329
427,0.0024530,0.0006277
428,0.0026304,0.0005350
429,0.0027818,0.0005663
430,0.0025437,0.0007168
431,0.0025985,0.0007271
432,0.0024006,0.0007523
433,0.0027493,0.0015906
434,0.0029285,0.0007042
435,0.0028809,0.0007034
436,0.0027650,0.0006377
437,0.0029768,0.0006814
438,0.0024768,0.0007453
439,0.0028227,0.0005973
440,0.0026048,0.0007472
441,0.0027450,0.0005251
442,0.0027475,0.0009609
443,0.0026827,0.0006187
444,0.0024767,0.0006369
445,0.0024096,0.0009112
446,0.0024175,0.0006006
447,0.0024191,0.0005163
448,0.0023988,0.0005449
449,0.0024109,0.0005771
450,0.0032995,0.0014363
451,0.0022314,0.0005227
452,0.0024438,0.0008035
453,0.0025433,0.0008803
454,0.0025308,0.0006107
455,0.0024773,0.0008183
456,0.0034301,0.0011057
457,0.0049784,0.0009991
458,0.0075111,0.0046247
459,0.0029429,0.0009958
460,0.0026642,0.0007893
461,0.0025863,0.0006201
462,0.0033899,0.0008104
463,0.0024076,0.0007092
464,0.0035517,0.0009447
465,0.0098550,0.0013251
466,0.0022718,0.0008071
467,0.0032426,0.0007844
468,0.0029710,0.0008328
469,0.0022959,0.0012412
470,0.0024954,0.0009321
471,0.0046593,0.0028653
472,0.0032765,0.0010871
473,0.0036456,0.0006443
474,0.0023987,0.0005838
475,0.0026866,0.0007362
476,0.0024559,0.0006138
477,0.0027188,0.0006991
478,0.0037503,0.0008343
479,0.0028984,0.0006944
480,0.0025272,0.0007064
481,0.0033697,0.0007351
482,0.0028477,0.0008700
483,0.0036458,0.0013337
484,0.0032416,0.0007643
485,0.0024837,0.0007471
486,0.0041750,0.0006504
487,0.0027856,0.0007754
488,0.0034265,0.0006632
489,0.0022937,0.0005224
490,0.0019807,0.0008302
491,0.0022611,0.0010850
492,0.0023402,0.0006231
493,0.0021503,0.0004934
494,0.0031318,0.0008300
495,0.0034090,0.0011067
496,0.0027876,0.0007088
497,0.0034463,0.0008940
498,0.0028367,0.0012357
499,0.0031424,0.0008297

Total training time: 8.45 minutes

Final Stats
RMSE = 2.206
MBE = 0.011
MAE = 1.477
PE = 4.450 %