Number of epochs: 500
Batch size: 100
Start Date: 2024-10-10_2153
Epoch, Test Loss, Training Loss
0,0.2193781,0.0985242
1,0.0796331,0.0894315
2,0.0582079,0.0821295
3,0.0488122,0.0688716
4,0.0418750,0.0677483
5,0.0347146,0.0654428
6,0.0358079,0.0516286
7,0.0300685,0.0472887
8,0.0259556,0.0400998
9,0.0312359,0.0386379
10,0.0367624,0.0349611
11,0.0235815,0.0312099
12,0.0228660,0.0255125
13,0.0177862,0.0189080
14,0.0201869,0.0213074
15,0.0140606,0.0175936
16,0.0148387,0.0190448
17,0.0301201,0.0144130
18,0.0153770,0.0168222
19,0.0130167,0.0120369
20,0.0202985,0.0124443
21,0.0171979,0.0118422
22,0.0104424,0.0103591
23,0.0152458,0.0082522
24,0.0096777,0.0080078
25,0.0112874,0.0079086
26,0.0099326,0.0070214
27,0.0109955,0.0054606
28,0.0167851,0.0118971
29,0.0110915,0.0061315
30,0.0101229,0.0051254
31,0.0091029,0.0059394
32,0.0055946,0.0056513
33,0.0062021,0.0044641
34,0.0109359,0.0062144
35,0.0062225,0.0026760
36,0.0065343,0.0032425
37,0.0060104,0.0029441
38,0.0057843,0.0023975
39,0.0119275,0.0039454
40,0.0050957,0.0019464
41,0.0043550,0.0022312
42,0.0053751,0.0032557
43,0.0061101,0.0040963
44,0.0047918,0.0021457
45,0.0051204,0.0029904
46,0.0172291,0.0097827
47,0.0055690,0.0020074
48,0.0057027,0.0021140
49,0.0067149,0.0029963
50,0.0070035,0.0019534
51,0.0066943,0.0031585
52,0.0055580,0.0022122
53,0.0119593,0.0045135
54,0.0101609,0.0061269
55,0.0055897,0.0027859
56,0.0047166,0.0018551
57,0.0048531,0.0024509
58,0.0077433,0.0022040
59,0.0066859,0.0030726
60,0.0036107,0.0021089
61,0.0047191,0.0024494
62,0.0039090,0.0018684
63,0.0049380,0.0021230
64,0.0078095,0.0017467
65,0.0038861,0.0019057
66,0.0037848,0.0016139
67,0.0049536,0.0022372
68,0.0048665,0.0015435
69,0.0048631,0.0020824
70,0.0051906,0.0021950
71,0.0031713,0.0015392
72,0.0066599,0.0014459
73,0.0035330,0.0023469
74,0.0035444,0.0020115
75,0.0054548,0.0027944
76,0.0030416,0.0015856
77,0.0061357,0.0048239
78,0.0071595,0.0081805
79,0.0027503,0.0019049
80,0.0051421,0.0024879
81,0.0038328,0.0020907
82,0.0026372,0.0017778
83,0.0028770,0.0025852
84,0.0032111,0.0013286
85,0.0022057,0.0009936
86,0.0053797,0.0040425
87,0.0023047,0.0014986
88,0.0063493,0.0021085
89,0.0033201,0.0019472
90,0.0031033,0.0012520
91,0.0028405,0.0012893
92,0.0031156,0.0029530
93,0.0024306,0.0016080
94,0.0039605,0.0013642
95,0.0033402,0.0008259
96,0.0067436,0.0025647
97,0.0020004,0.0008717
98,0.0042472,0.0013125
99,0.0029828,0.0010710
100,0.0030392,0.0012992
101,0.0029303,0.0014300
102,0.0025770,0.0009622
103,0.0031369,0.0011782
104,0.0026471,0.0027678
105,0.0031256,0.0027567
106,0.0023508,0.0016056
107,0.0057478,0.0018528
108,0.0020795,0.0012533
109,0.0033173,0.0013335
110,0.0038215,0.0029370
111,0.0029697,0.0019936
112,0.0028152,0.0016481
113,0.0036063,0.0011715
114,0.0022259,0.0014289
115,0.0038352,0.0019166
116,0.0020827,0.0009221
117,0.0022899,0.0010339
118,0.0029191,0.0014824
119,0.0027776,0.0018085
120,0.0025411,0.0009874
121,0.0025984,0.0009773
122,0.0026043,0.0012252
123,0.0028354,0.0020202
124,0.0040416,0.0010071
125,0.0056420,0.0083403
126,0.0031638,0.0017993
127,0.0031491,0.0014132
128,0.0023030,0.0012012
129,0.0023454,0.0013355
130,0.0021988,0.0013780
131,0.0019279,0.0015344
132,0.0024076,0.0009812
133,0.0024556,0.0009129
134,0.0023745,0.0011957
135,0.0045551,0.0014624
136,0.0024176,0.0015057
137,0.0024655,0.0012850
138,0.0024994,0.0013677
139,0.0025500,0.0009616
140,0.0031998,0.0011822
141,0.0029258,0.0016411
142,0.0025609,0.0008453
143,0.0022237,0.0009853
144,0.0023211,0.0015622
145,0.0023935,0.0006833
146,0.0023920,0.0009055
147,0.0033515,0.0016926
148,0.0021487,0.0010144
149,0.0023223,0.0011775
150,0.0024049,0.0009615
151,0.0019989,0.0011081
152,0.0019118,0.0015150
153,0.0020265,0.0012236
154,0.0024111,0.0013550
155,0.0103955,0.0022560
156,0.0030212,0.0007625
157,0.0021552,0.0005424
158,0.0040151,0.0016512
159,0.0023013,0.0009645
160,0.0022396,0.0011661
161,0.0024228,0.0016101
162,0.0038421,0.0013370
163,0.0021368,0.0016006
164,0.0027651,0.0013017
165,0.0021769,0.0010720
166,0.0045678,0.0025095
167,0.0021510,0.0008069
168,0.0023790,0.0007663
169,0.0019228,0.0006387
170,0.0026583,0.0012939
171,0.0031270,0.0007377
172,0.0027494,0.0006455
173,0.0023028,0.0005918
174,0.0020921,0.0012668
175,0.0022076,0.0017476
176,0.0029608,0.0022964
177,0.0032472,0.0004913
178,0.0028790,0.0011254
179,0.0027018,0.0009182
180,0.0030000,0.0010710
181,0.0027381,0.0009034
182,0.0023125,0.0007045
183,0.0021163,0.0006531
184,0.0030892,0.0020609
185,0.0035238,0.0020877
186,0.0026320,0.0012910
187,0.0027193,0.0009018
188,0.0038021,0.0011059
189,0.0028477,0.0006897
190,0.0030144,0.0008533
191,0.0102311,0.0030427
192,0.0035749,0.0014687
193,0.0037486,0.0020750
194,0.0018465,0.0007526
195,0.0032284,0.0021683
196,0.0031524,0.0008628
197,0.0032567,0.0005382
198,0.0022167,0.0006067
199,0.0032847,0.0015531
200,0.0033758,0.0027135
201,0.0029115,0.0006472
202,0.0031141,0.0022412
203,0.0028794,0.0028244
204,0.0038309,0.0014659
205,0.0027469,0.0011951
206,0.0030979,0.0014649
207,0.0028322,0.0007645
208,0.0046933,0.0012830
209,0.0039617,0.0009465
210,0.0050734,0.0020303
211,0.0031184,0.0010776
212,0.0040228,0.0009640
213,0.0037376,0.0013408
214,0.0025277,0.0012400
215,0.0026313,0.0016893
216,0.0027463,0.0008600
217,0.0038231,0.0009502
218,0.0019435,0.0007978
219,0.0097297,0.0027535
220,0.0039504,0.0011583
221,0.0036795,0.0011956
222,0.0026091,0.0012638
223,0.0022917,0.0007938
224,0.0046808,0.0006818
225,0.0033599,0.0011390
226,0.0028875,0.0009124
227,0.0036856,0.0006719
228,0.0038287,0.0014707
229,0.0030634,0.0009177
230,0.0027425,0.0008902
231,0.0030172,0.0012455
232,0.0028357,0.0009881
233,0.0045738,0.0016213
234,0.0030627,0.0010877
235,0.0032484,0.0013006
236,0.0024722,0.0009366
237,0.0040470,0.0008684
238,0.0043873,0.0017607
239,0.0026522,0.0016808
240,0.0030613,0.0009215
241,0.0022396,0.0006775
242,0.0026224,0.0007740
243,0.0023638,0.0017560
244,0.0027252,0.0006543
245,0.0030730,0.0009547
246,0.0022403,0.0007102
247,0.0025706,0.0013887
248,0.0037952,0.0014021
249,0.0038741,0.0011127
250,0.0024834,0.0010312
251,0.0071199,0.0018046
252,0.0020337,0.0018443
253,0.0027577,0.0010215
254,0.0020073,0.0010793
255,0.0030984,0.0009982
256,0.0066037,0.0018389
257,0.0028013,0.0007775
258,0.0043062,0.0018920
259,0.0025243,0.0015534
260,0.0022317,0.0009131
261,0.0021051,0.0008660
262,0.0022716,0.0009814
263,0.0017844,0.0007452
264,0.0025802,0.0004695
265,0.0023287,0.0004840
266,0.0273809,0.0071928
267,0.0020069,0.0012598
268,0.0017826,0.0008229
269,0.0028326,0.0015041
270,0.0025257,0.0014097
271,0.0020432,0.0011555
272,0.0024402,0.0007361
273,0.0017884,0.0010242
274,0.0023395,0.0021608
275,0.0023014,0.0009830
276,0.0130753,0.0019721
277,0.0024874,0.0005532
278,0.0018984,0.0015179
279,0.0022906,0.0016675
280,0.0022505,0.0015528
281,0.0028740,0.0007898
282,0.0020594,0.0007078
283,0.0023801,0.0006128
284,0.0017744,0.0006020
285,0.0046556,0.0021213
286,0.0025977,0.0009256
287,0.0019402,0.0013743
288,0.0020899,0.0004827
289,0.0017853,0.0004324
290,0.0019205,0.0013682
291,0.0020832,0.0006697
292,0.0021542,0.0006754
293,0.0019678,0.0004761
294,0.0030659,0.0015318
295,0.0026305,0.0007923
296,0.0028651,0.0005266
297,0.0024457,0.0009571
298,0.0019771,0.0004130
299,0.0029497,0.0010846
300,0.0020786,0.0020094
301,0.0018088,0.0006845
302,0.0019701,0.0006204
303,0.0024092,0.0010230
304,0.0022689,0.0010225
305,0.0031334,0.0023426
306,0.0081786,0.0088787
307,0.0043084,0.0016761
308,0.0029214,0.0015368
309,0.0024475,0.0013461
310,0.0020384,0.0009419
311,0.0028881,0.0010794
312,0.0021136,0.0009818
313,0.0020976,0.0008143
314,0.0022771,0.0008863
315,0.0027962,0.0014448
316,0.0019776,0.0010148
317,0.0017470,0.0008352
318,0.0017921,0.0009928
319,0.0018394,0.0007072
320,0.0019531,0.0010220
321,0.0022110,0.0011615
322,0.0023756,0.0009266
323,0.0026306,0.0009236
324,0.0022653,0.0009537
325,0.0022646,0.0007038
326,0.0019841,0.0009888
327,0.0019569,0.0013503
328,0.0020579,0.0008140
329,0.0022031,0.0012437
330,0.0018144,0.0008172
331,0.0029651,0.0011092
332,0.0026974,0.0008291
333,0.0032358,0.0023351
334,0.0015532,0.0010775
335,0.0022897,0.0007780
336,0.0016823,0.0008232
337,0.0025105,0.0022850
338,0.0019172,0.0007034
339,0.0020284,0.0005756
340,0.0014951,0.0004613
341,0.0023730,0.0010488
342,0.0016944,0.0005880
343,0.0021140,0.0013261
344,0.0017769,0.0015160
345,0.0018125,0.0006771
346,0.0023832,0.0006390
347,0.0019993,0.0010922
348,0.0021250,0.0009803
349,0.0031069,0.0015299
350,0.0017178,0.0014129
351,0.0019342,0.0008183
352,0.0019414,0.0006856
353,0.0016363,0.0005365
354,0.0025321,0.0011110
355,0.0018013,0.0007482
356,0.0019727,0.0007881
357,0.0020781,0.0015542
358,0.0018831,0.0009357
359,0.0021017,0.0010346
360,0.0026552,0.0009684
361,0.0022414,0.0008943
362,0.0034320,0.0007555
363,0.0021712,0.0013237
364,0.0025008,0.0018428
365,0.0015947,0.0008156
366,0.0017539,0.0006645
367,0.0018560,0.0005569
368,0.0016694,0.0010476
369,0.0014843,0.0003521
370,0.0015841,0.0005412
371,0.0020963,0.0015682
372,0.0020482,0.0010045
373,0.0030964,0.0009858
374,0.0016857,0.0013211
375,0.0020278,0.0004757
376,0.0017135,0.0004566
377,0.0029511,0.0023552
378,0.0024678,0.0009535
379,0.0017551,0.0008496
380,0.0018223,0.0006722
381,0.0020781,0.0007492
382,0.0018408,0.0006056
383,0.0014381,0.0008446
384,0.0020682,0.0005090
385,0.0022419,0.0007279
386,0.0025365,0.0009930
387,0.0032882,0.0016552
388,0.0017979,0.0008762
389,0.0020670,0.0017234
390,0.0019843,0.0007532
391,0.0017729,0.0004829
392,0.0016269,0.0004896
393,0.0021293,0.0009412
394,0.0029331,0.0009767
395,0.0018934,0.0005801
396,0.0024506,0.0010653
397,0.0026122,0.0016159
398,0.0018814,0.0006025
399,0.0111790,0.0075526
400,0.0017086,0.0007609
401,0.0015588,0.0007125
402,0.0052966,0.0019113
403,0.0016892,0.0006257
404,0.0019815,0.0014374
405,0.0017868,0.0005571
406,0.0018067,0.0011615
407,0.0019939,0.0008415
408,0.0019746,0.0005848
409,0.0017617,0.0011483
410,0.0019350,0.0008173
411,0.0026475,0.0016449
412,0.0035188,0.0012141
413,0.0027436,0.0017812
414,0.0020553,0.0008463
415,0.0014809,0.0005680
416,0.0015370,0.0006323
417,0.0020000,0.0006749
418,0.0029749,0.0005482
419,0.0052776,0.0025234
420,0.0015684,0.0012067
421,0.0022264,0.0011425
422,0.0017352,0.0008767
423,0.0017965,0.0009520
424,0.0020530,0.0011663
425,0.0017618,0.0010667
426,0.0015597,0.0007234
427,0.0022400,0.0004719
428,0.0022104,0.0004025
429,0.0018275,0.0008341
430,0.0124639,0.0024271
431,0.0020836,0.0004739
432,0.0030026,0.0009110
433,0.0013214,0.0006155
434,0.0025137,0.0008038
435,0.0021355,0.0015012
436,0.0016834,0.0006878
437,0.0011394,0.0007552
438,0.0030381,0.0015026
439,0.0014645,0.0008866
440,0.0019608,0.0006577
441,0.0019025,0.0006048
442,0.0047217,0.0024485
443,0.0026354,0.0016522
444,0.0027539,0.0017392
445,0.0019716,0.0012916
446,0.0017235,0.0008343
447,0.0017068,0.0008000
448,0.0016148,0.0010838
449,0.0016967,0.0012564
450,0.0017476,0.0009203
451,0.0018280,0.0014032
452,0.0019403,0.0006233
453,0.0016754,0.0011951
454,0.0021241,0.0016013
455,0.0020588,0.0011524
456,0.0014586,0.0008614
457,0.0014121,0.0004675
458,0.0017212,0.0006637
459,0.0013402,0.0008052
460,0.0014807,0.0006954
461,0.0020032,0.0008926
462,0.0026674,0.0022137
463,0.0012916,0.0005443
464,0.0017405,0.0012220
465,0.0020623,0.0007317
466,0.0018577,0.0007518
467,0.0019889,0.0007427
468,0.0017091,0.0005691
469,0.0013889,0.0005860
470,0.0017941,0.0006199
471,0.0033356,0.0018383
472,0.0023269,0.0023879
473,0.0030628,0.0006624
474,0.0026090,0.0014260
475,0.0022758,0.0011861
476,0.0021295,0.0013410
477,0.0037895,0.0031753
478,0.0021288,0.0010277
479,0.0017834,0.0006646
480,0.0013123,0.0005490
481,0.0059690,0.0019961
482,0.0017234,0.0004248
483,0.0016950,0.0009166
484,0.0021322,0.0027039
485,0.0011961,0.0006137
486,0.0019095,0.0008387
487,0.0016138,0.0009168
488,0.0019155,0.0006508
489,0.0018190,0.0005153
490,0.0014900,0.0005297
491,0.0013881,0.0006194
492,0.0017408,0.0013212
493,0.0019216,0.0006423
494,0.0016470,0.0009236
495,0.0011756,0.0004269
496,0.0017254,0.0003751
497,0.0031620,0.0005218
498,0.0062060,0.0040560
499,0.0022743,0.0018223

Total training time: 7.73 minutes

Final Stats
RMSE = 0.141
MBE = 0.000
MAE = 0.079
PE = 3.376 %